0.397360895569234
0.602639104430766
0.11489254330630917
0.05999363707173653
0.03356115542000812
0.05062038550568824
0.010540519785415729
0.09140236744813665
0.04630895307888934
0.03533180476780797
0.021254374513181136
0.0587912630412603
0.12147927111559685
0.06589141333801411
0.022417254506159973
0.041464351145875614
0.024348074117143702
0.04953429947450989
0.04173422706877448
0.014593046855287265
0.034063607341502745
0.06177745109870218
0.06303682645775917
0.04599292550074868
0.04734850950861888
0.06456023089776698
0.013648430661950334
0.05285041557257872
0.03008325918853034
0.09694957430032623
0.02489818652662341
0.059953849381162154
0.07827665776929031
0.051358839145562524
0.015960301787432275
0.04164840172739307
0.06017375201637696
0.06442713193434749
0.06144108562458859
0.012925066730322692
0.03550848867573765
0.07895806659288354
