# Weights of Layer
-9.698408813527284456e-02
-4.203498896786200117e-02
-6.490810671437945156e-02
7.370224728966109570e-03
-7.915728535662187870e-02
-9.850934783519878224e-02
-7.142981168379962387e-02
2.554692871217080496e-02
3.872225413613404610e-02
3.105680132943743066e-02
-1.140060135958163717e-01
1.313146255425982900e-02
6.822744920003802338e-02
-1.018477383140300591e-01
3.674461092102704329e-02
-1.682224018622497097e-01
-1.573182581626139942e-01
-1.096108564629486859e-01
-5.159873775168890425e-02
5.550763906482061166e-02
1.950069045768101084e-01
4.236992906034278000e-02
9.933726987489285842e-02
4.130252255954972029e-02
-1.771814218616181991e-01
-9.010497423754862401e-02
2.469086588024419198e-03
1.213410045278847521e-01
-3.392979593299856600e-02
7.633768706858325148e-02
-2.543825313166036758e-02
-2.588320196604841292e-02
7.485909687216379949e-02
-6.926914848171719652e-02
-6.466127628869394392e-03
-4.108762278344009478e-02
5.486829947742866836e-02
3.723481924576116375e-02
-1.791750574924120265e-01
3.251610253553320617e-02
1.600269975091165031e-01
-1.401699892527927260e-01
9.379759462580741780e-02
-6.794640366319579239e-02
3.610181855765084297e-02
4.130314406530433829e-02
1.913397038787131160e-02
-6.631624855087520087e-02
3.561836507918187539e-02
-9.748032051553916222e-02
1.246252129774345907e-01
3.948517067038732897e-02
4.424782502101168302e-03
-3.592122739746078652e-02
1.284152498618128246e-01
1.690987827746612548e-01
7.304148980395361312e-02
9.935243829039099028e-02
-3.147529737132410271e-02
-2.777431026984012244e-02
-1.334475574750741689e-01
-1.310977284668249643e-01
1.144664380219706928e-01
4.295603856636596996e-02
1.429520312495856094e-01
-4.019135179568398414e-02
2.755393458703120704e-02
-3.007265010829535817e-02
-5.697134643668382882e-03
-1.725673130426941607e-02
-9.083310012715554993e-02
1.484264419182585726e-01
-6.083646331540072671e-02
9.966952044592690407e-02
-3.900753002130991076e-02
-1.860944822194179060e-01
1.857866004769080648e-02
-4.999057301181284579e-02
1.287068953754550160e-01
-5.216939423023225081e-02
-2.359805418524515974e-01
8.645297555233497078e-02
-6.213973873073579818e-02
-1.689039871501134271e-01
-4.906312451021295311e-03
-1.562124305509297595e-01
-8.872203891646192331e-02
-1.175435233947802194e-01
-1.399255299164969268e-01
-9.481979478544692863e-02
-1.613730440490675766e-01
-7.536537822845788825e-02
2.369604216459609072e-02
6.112298639153761204e-02
-7.463609614333233111e-02
8.063513878834638327e-02
5.785614702458428960e-02
1.057034770472371939e-02
5.245241236022379905e-02
-1.400605012167384367e-01
8.213236044913899483e-03
-3.910318728389540477e-02
2.128566848162980474e-01
-7.196622207776587343e-02
-7.848036637387778569e-02
-6.993995319387667775e-02
3.885706058160352805e-02
-9.326971636915239172e-02
4.888385480442612036e-02
-1.290677384845803910e-01
7.649231922128653383e-02
2.319627427041941539e-02
-1.125691313916850622e-01
-1.200644082898897347e-01
-1.323045820028465047e-01
-1.023631294126636365e-01
-3.315650833188736601e-02
-4.165005900140700962e-02
-5.095103636010100273e-02
1.662538206092443738e-01
1.507122511900047257e-01
2.686080712357553912e-02
8.663587753918162992e-02
-7.993629480000753740e-02
-2.602333113707603340e-01
-5.886570081801524579e-02
5.237785213179588922e-02
6.853560808747519162e-02
1.190015677763654658e-03
-6.837472917973771991e-02
-1.176996870656940447e-01
-2.076865924756697568e-02
3.618194768835267250e-02
-1.195711235512662285e-01
6.674614606212564416e-02
-1.161881714384752629e-01
-3.978648246944343353e-02
8.714438692411788367e-02
-4.072533141268488283e-02
1.740464436899867790e-03
1.707980383565262800e-02
-2.218252474565111931e-02
1.996658585217427062e-02
1.018737451087925808e-02
-6.767153153479772698e-02
-7.808516342200715055e-02
1.056916507319629744e-01
6.800488418637068433e-02
2.114910415206648631e-01
-7.945603907790425857e-02
5.744415581132453902e-02
9.577700468427137459e-02
-6.100730650355076085e-02
-7.487892703254885041e-02
9.041140536681269158e-02
1.144723716187707185e-01
-7.476705293340976666e-03
1.685451055665830242e-02
9.035385176248153516e-02
-7.223615820535092547e-02
1.038076079303858548e-02
-1.304491396702372463e-01
-4.996367249150947265e-02
7.477417373595229844e-02
-4.270787407928600121e-02
1.267426847017076308e-01
-1.196007090672259326e-01
-1.449649770848888855e-04
2.399478701725330995e-02
6.081898332808437918e-02
-2.298919045147411119e-02
-1.475827909563502127e-01
8.616359020435772342e-02
9.427176463350409041e-02
-1.137178609165743759e-01
2.157294754142432269e-01
-1.888079376415461794e-02
3.694920073103108438e-02
-5.584205416575175468e-03
-1.475638303180868251e-03
6.364499966150099185e-03
6.895514215123717261e-02
-1.017981360285681730e-01
6.901169729711675860e-02
6.648955611722263959e-02
1.424698224666388902e-01
-1.734235975691827136e-01
-1.069894425875442534e-01
-8.301982804500673829e-02
-3.449423712202550479e-02
-4.476294398925810374e-03
-3.170855214705325942e-02
-9.724102566138610737e-02
-5.837842093326456316e-02
1.324529534821979881e-01
-1.532938279812187943e-01
-3.382467365839778722e-02
2.549151791999355043e-01
-1.107031750582334120e-02
1.441695795464193741e-01
9.933753284863521688e-03
1.306046628893685509e-02
-1.295470388918414095e-01
-1.200434333026683814e-01
2.144027009461374565e-03
1.035768541932349622e-02
-3.503208841618986151e-03
-6.171634107042753975e-02
-2.701716059879362142e-01
2.064607074964098371e-02
5.407745630874402631e-02
-6.851554102550783121e-02
-2.195855414606969619e-02
1.277890701204625057e-01
6.744709056941337877e-02
-2.348596847089592932e-01
-4.036834481498043081e-02
-8.772605750853959550e-02
8.882135715567134049e-02
-8.919095832792101053e-02
-1.632198667808748560e-01
-8.132479930733139961e-02
-7.796231242964532515e-02
1.172362305911658345e-03
1.600574600186751850e-01
4.202708122588463997e-03
-1.859912243293108391e-01
-5.811834291358692478e-03
4.472820058184603931e-02
-1.892212007920040795e-01
1.961320402636053395e-01
-3.935485021626530279e-03
5.955431182606786555e-02
-1.511364804455184452e-01
-5.672880487853816656e-02
-1.084701580460926441e-02
3.774544761273621735e-02
-6.893576283046995434e-02
-6.870053751996661739e-02
5.243190158893337727e-02
-9.059453885239769633e-02
-1.478081283298111337e-01
6.400967742653997095e-02
1.397885223172971314e-01
9.279407365681571762e-02
1.183484802553996101e-01
5.095505723618857369e-02
7.556912058757213335e-02
-2.562512704321466897e-02
-7.972499447201975009e-02
-7.372503950563194519e-02
-4.893391149005622137e-02
4.538099304704067832e-03
1.315915020477223529e-01
1.745588438466745829e-01
1.157355721112051164e-02
4.478188924033045526e-03
-1.150868525844634949e-01
-4.749551282607852865e-02
-7.749639919456537129e-02
3.863760529959637396e-02
-1.217931003763968734e-01
-1.334757552058124519e-01
6.208447846695927530e-03
-2.080107805980680735e-01
1.063716307508078551e-01
-8.267257487659671056e-02
-1.257032655636904916e-01
1.773230304008716618e-01
-7.443520805615252978e-02
-2.745766538734390610e-02
-1.788017229758652182e-01
-1.508936890557206756e-01
-6.776519262766016183e-02
6.476185256429992446e-03
4.622006818517715443e-02
2.174363403961722951e-01
-9.962525541197141121e-02
9.688882360235949454e-02
-6.438844568627355436e-02
1.006898810097870550e-02
-1.725289703960542487e-01
1.179571225090568082e-01
1.306399691221039605e-01
1.465548213728745663e-01
2.226592391429764103e-02
9.418763949917817457e-02
-1.689562118999155538e-01
-1.964143198767363263e-01
-1.047677787321524001e-01
3.114025493910045281e-02
-2.732826084500665845e-02
-1.488288292013820735e-01
8.592554778968772289e-02
-2.652886444124218090e-02
-1.418438811132490540e-01
1.164858752244413570e-01
-5.736330082885242321e-02
-1.215428302823342438e-02
-9.911988632739218708e-02
# Bias of Layer
5.276005684321708085e-03
9.441087134105970169e-03
-1.160014477625481493e-03
-3.329803500082307265e-03
5.265909723684321711e-03
2.478164853267427609e-02
3.495207764298856909e-04
1.100363697985606631e-03
1.495565204197912834e-02
3.106289741190509934e-03
-1.446318807570883339e-02
-9.144518928003978267e-03
1.794903855308577906e-02
4.353789938611313075e-03
2.522887287247650278e-03
# Weights of Layer
9.991928976162094134e-02
-1.497834994804839170e-01
-1.420589289572966318e-01
-3.412468090514003682e-02
6.898023083941083600e-02
-1.854626343317212003e-02
-3.180899692487153957e-02
-1.685496661982223698e-01
1.646035835260404798e-02
-5.500983267890070805e-02
-7.531368898706440607e-02
-8.093329938363867659e-02
7.124444243953244327e-02
-7.332359846605147891e-02
-5.109766591642556088e-02
-1.219175911668602674e-01
1.207878193646862997e-01
-1.281234841922063161e-01
8.907886218755964314e-02
4.601816372005219230e-02
2.829727551789277401e-02
1.091455136557624855e-01
-3.604965412772492134e-02
-2.932015811627122076e-02
4.531549804032845678e-03
1.554391987888631976e-01
-1.797685366623752792e-02
2.042910881223670427e-01
5.678867853562240275e-02
-2.689217519105487411e-02
-1.283614214687398046e-03
1.298432575533995346e-02
-5.759072262274473469e-02
-9.626265201227283963e-02
9.424029988115954770e-02
-1.727286989405647233e-01
-3.700428294513533056e-02
-1.954968346261803380e-01
1.285835221968780751e-01
1.738976714958979757e-03
2.015718346382058268e-01
-8.178347345588728168e-02
1.693762990173213190e-01
6.410357737637441267e-02
2.924350726436436218e-03
-3.636957878317045867e-02
1.060379988139859980e-01
-1.347634627414457664e-01
-8.034378658885493046e-03
-1.133956443280745019e-01
1.680677638291802056e-01
-9.824796961354340108e-02
8.133185284590309372e-02
-3.818773672405220004e-02
1.848623298294934381e-01
1.769008445091944104e-01
-2.587224574821864534e-02
2.259098487419292089e-02
4.856247708666084489e-02
1.601703101567656523e-02
-2.073690003284154801e-02
8.746545710805730955e-02
5.575380196229763607e-02
-1.084618217636445364e-01
2.057504670538514227e-02
1.274519152936582078e-01
-1.998468404331484871e-01
-3.591165042142344804e-02
7.881418763596071200e-03
-1.264430216631883819e-01
2.609393056980278611e-02
-9.614697800211510076e-03
4.938942364490520043e-02
-1.833819707032191271e-01
5.406400696522002669e-02
-3.466028539000953756e-02
-1.130407179987153246e-02
-1.044357590027150257e-01
-1.085347752049503449e-02
-3.173602724109488016e-02
1.129095499177233813e-01
1.520156136266538572e-04
2.617791514564868707e-02
1.264013156137290539e-01
1.675450891360164285e-01
4.740304524358432414e-02
-2.979793106930037419e-02
8.987325309483679137e-02
-7.838705175854025764e-02
-1.442495883343282714e-01
-2.937703225892204437e-02
-1.624163500110809618e-03
4.339027758120399259e-02
8.190107286604964010e-02
-9.557335414499074089e-03
1.238824357700899909e-01
1.402010953375491809e-01
7.595611562897322012e-03
-1.887362789269137753e-01
-4.445993668548584715e-02
-1.661664244007545199e-01
4.485256671203425444e-02
7.255372470044925415e-02
-1.135326829218493844e-01
-1.832129809965987732e-02
1.222509595149838361e-02
-5.689033480201648868e-02
1.285411667558932587e-03
-6.571809931808925143e-02
-1.982240439548222169e-02
-1.063051121422549788e-01
3.017865764445657058e-04
-3.678709985644981750e-02
-3.450313744996367366e-02
-6.832910338186168331e-02
-1.441963006457255558e-01
-7.626423061025447425e-02
-7.631332088015775617e-02
-1.020576858847109525e-01
8.804777125343002386e-02
2.608963633102830970e-01
8.514455341237285591e-02
-7.486655365375012583e-02
2.695350247648701028e-02
-1.737951898109910964e-01
3.711554968056644116e-02
-1.406004244426094577e-03
-1.046379903590412275e-01
3.271404808764594857e-02
6.343699094225808965e-02
5.712392453066236081e-02
-1.083176473361868591e-01
-1.191500195752404623e-01
-1.579276433709522059e-02
6.199813890597058452e-02
7.698320295707355987e-02
-9.375222906663335798e-02
1.745981554177797601e-01
2.362290361356115392e-02
2.844244670400686639e-02
8.140128670569075908e-02
-2.987428198692565484e-02
-4.476580329594478935e-02
1.269805719290407198e-01
1.039382254874362047e-02
-7.331279239140127413e-02
-6.161243736130170984e-02
-4.781887016177924915e-02
-2.301217822674420099e-02
-2.921210551754519630e-02
# Bias of Layer
3.522470930449980719e-02
6.220078545297393589e-03
1.590259950996960334e-03
1.917428885017079688e-03
6.094908429143773045e-03
3.415672569825042859e-02
2.903068885050778120e-02
-1.493770126412912944e-02
1.627118816753104266e-03
-7.848136846768917702e-04
# Weights of Layer
-1.800125581170484712e-01
2.032737828909715327e-01
-2.873281930128170347e-01
-1.447256469881477714e-01
-1.127724667519540425e-01
4.133251064203301642e-03
-1.367893061669860424e-03
1.831635810100100403e-02
9.051139020769218002e-02
-1.122039173500364306e-01
-1.209668269626435894e-01
7.001870474082132201e-02
1.290183774735135513e-01
1.296767517437848183e-01
-6.917579216955399568e-02
-1.034170765064258701e-01
-5.842089064177394958e-02
-3.332596581362953780e-02
-3.424155355373825760e-02
-8.263576308920769775e-02
-1.480557392801059788e-02
8.460078740717405510e-02
3.083969059191810080e-03
-6.120271166420224174e-02
-2.492059793567868650e-02
-8.156196986891446621e-02
9.074693244193055008e-02
-1.701283436665856352e-01
-9.775808850093309355e-02
-1.938464560394981273e-02
1.186168298362458469e-03
7.329390053871188970e-02
-3.737203549642760525e-02
7.029626335617307487e-02
1.530332778258047532e-01
1.971694103848829482e-01
-6.918414957956313394e-02
-5.975267087249232917e-02
-1.851876915927034781e-02
1.942568934177206219e-01
-1.059639314381156799e-01
-4.637978542512160435e-02
6.952228854273954928e-02
1.402843133871702758e-02
-1.781949166104330714e-03
-8.918702662783070667e-02
6.738320260290239783e-02
-6.815355406598450072e-02
1.044835561091194687e-01
-2.060344843298662909e-01
# Bias of Layer
-1.928422735935590195e-03
1.349247105231695353e-02
-1.171053198350082564e-02
9.869931066989955093e-02
6.656052872666352871e-02
# Weights of Layer
-1.115368788865036542e-01
-1.832267814184147525e-01
-6.066102784033137324e-02
2.356440346919392304e-01
1.142471664710201923e-01
# Bias of Layer
-4.034713741857710589e-01
#