# Weights of Layer
-1.739606472533194170e-01
6.090916490259014049e-01
-5.970846656405749686e-02
-2.855800779400126735e-02
9.127003220050999843e-02
-6.160539249674170659e-01
-4.616179124285648139e-01
-5.834376197216936122e-01
-1.913809158357124285e-01
-4.903550227086122398e-02
2.016502204118485742e-01
2.097323137693064277e-01
-1.408887040481080107e-02
-4.753576535880463250e-02
1.009582732249970777e-01
9.582560796679817638e-02
-1.703120025156099893e-01
-3.650434754157231426e-02
2.891905382280305914e-01
-1.657648088208139026e-01
2.810491740953945938e-01
-3.095168928647574758e-01
-1.997478622363281775e-01
-4.559655025750249807e-02
-3.279926546632388473e-01
5.917127775022354985e-01
-3.708906296097343458e-01
3.498890834644350356e-01
3.368195573233731532e-02
-1.854927398191211219e-01
2.069303721076559965e-01
2.077230672426886304e-01
4.191950196899927872e-01
-2.717572288743368425e-01
-1.352341564388520878e-01
-1.285095109369767119e-01
-1.414110804369256569e-01
1.305541343738487459e-01
3.412100886005517975e-01
2.099920807727518601e-01
-3.388832359279959072e-01
-2.199370011301592792e-02
1.671520805310856561e-01
-1.096700148964034338e-01
4.814566911925582948e-02
-2.329052618828042209e-01
2.984522616530401184e-01
-5.655847388214433336e-01
4.848401134316038946e-02
3.018179462646736200e-01
-3.448509012990096934e-01
-7.598607706534554751e-01
-4.963771977529563006e-02
-2.803108690001241965e-01
-4.567821112491076141e-01
1.787872355782673395e-01
-2.525458211985115997e-01
-6.830931366117576342e-02
-1.066996512882295134e+00
-1.610207862600017414e-01
3.810311702117271659e-01
-1.823368619386995515e-01
-1.660025351138423588e-01
-2.746232919005978657e-01
-2.465666534888768802e-01
-3.457908904188614768e-02
2.431910928112727410e-01
1.490776084035655147e-01
7.387475066703601267e-02
1.407585059237090597e-01
-1.047730467169963736e-01
1.191004062723739348e-01
-8.837971522089569515e-03
-3.188855898004939737e-01
2.035363791721676863e-01
-2.382514576693494091e-01
1.453542712427729859e-02
-1.596200505399715253e-01
3.548585497090278040e-01
-1.174795605797259446e-01
-2.010501053074526534e-01
2.884530656348011646e-01
3.349675163424528090e-01
9.888088866576330571e-02
5.253604019196014274e-01
1.149986544851820530e-01
-5.950593215280860354e-02
-6.856477497457275083e-02
-8.783535817061165207e-02
1.161950583660374958e-01
1.585958241143163583e-01
-6.870327207301975270e-02
1.898738198540859401e-01
-3.950136386653209097e-01
-1.796415760323029076e-01
-8.247542056454899850e-02
-2.943635404508894160e-01
1.439177552976695917e-01
2.633405667214789858e-01
-4.044024374063355520e-02
3.188108113362046053e-02
-3.021060315348924052e-01
-6.398088861767233793e-01
-7.554200803944438602e-02
-1.248510831512301411e-01
5.687546392803205508e-02
-1.220656894523876879e-01
1.156601566041674661e-01
6.507325048981154048e-01
-4.144744206154050148e-01
-6.064735258791442707e-01
2.647793667591856748e-01
4.155228904361878972e-01
-1.601827281898040856e-01
3.633528664231579497e-01
5.348568538410222173e-01
3.012034030239684745e-01
3.566334292154117458e-01
7.398157977397852580e-02
-1.415178933097868130e-01
8.627695795204365359e-02
7.656877083351697200e-02
5.656523799761992155e-01
-3.971356222215700615e-01
1.552977722183856713e-01
2.827541389131342231e-01
-1.763798335033457398e-01
1.756968135092753236e-01
7.752776775874571646e-02
-1.693012348450924354e-02
1.504980246408156863e-01
4.911376263005032272e-02
2.795125811321529929e-01
2.541283951151816073e-02
-1.929715986365818092e-01
1.555435244145891571e-01
-1.012882558013657730e-01
3.815308090030352650e-01
-4.229152859219840743e-01
1.224274787701516570e-01
7.977413263545726774e-02
1.651416057692470241e-01
3.972616728560559030e-01
1.770245593455885835e-01
1.178908098592844900e-01
-3.354943261929262954e-01
6.656115149387749064e-01
-2.593662468687391032e-01
6.390546931283641596e-02
7.396736108659265341e-01
1.669699757778873028e-01
2.992832194293837400e-02
5.354493014743075263e-02
-2.314917782430789828e-01
-3.157408768066070626e-01
3.055454349378082801e-01
5.304607821273612522e-01
4.694867822581837991e-01
7.286314631944124098e-03
3.279069250978676742e-01
-1.726987082312884947e-01
-8.222050233581293388e-02
1.122217237283717611e-01
-8.366147297504705760e-03
1.122481472620630166e-01
-1.184227280294870843e-02
-3.379779245586752578e-01
-1.433991581488974487e-01
-1.873622386652604166e-01
-1.955032616937547874e-01
-2.782811984842978315e-01
1.204580720786191383e-01
-2.849376583276483355e-02
4.555257604021372697e-01
5.477718242398142978e-01
8.182293221445370579e-02
2.408106736197315190e-01
-3.149197924179257813e-01
-6.255257285898362107e-02
2.279291922884740251e-01
-4.547460929824337361e-02
2.342715207603255356e-01
-7.937851869064342647e-02
6.746220270015088061e-02
2.222255939903391708e-01
2.301674687631797070e-02
-7.657111653576030574e-02
-3.806743683040279824e-02
5.568351819053175555e-01
-1.416263476819324407e-01
5.552396965001109297e-02
-7.174549153725379158e-01
4.687317022896662078e-01
3.179750115032645152e-01
-8.899915127475964693e-01
-5.713465342432696437e-01
-7.458932890423181084e-02
-3.243095322202667607e-01
-4.288815152078539472e-01
5.370268332498259189e-01
# Bias of Layer
1.727118781098341549e-01
9.003094575304722291e-02
-1.715507254776174884e-01
-5.319448564940199714e-02
3.822531177022200910e-02
-3.051071205811924369e-01
2.076717524697132555e-01
8.019551182866537786e-01
-2.163095126412031000e-01
4.114475437002803604e-01
# Weights of Layer
-1.941310649656725618e-01
-3.145087002165182222e-01
1.654897080077502025e-01
-7.167050299525311585e-01
-4.340140778903515961e-02
-3.236275126698718863e-01
-4.877868405472725044e-01
9.622356550104049777e-02
-1.122384453662837345e+00
-9.600230579445194479e-02
-1.868458016954924195e-01
-3.047683918535355474e-01
2.315416401782292855e-01
-6.944029495386406792e-01
-1.068214152989099275e-01
-1.672161793149772036e-01
-2.810016934347124296e-01
-3.934311773967215098e-01
-6.206275924200266303e-01
1.970069440126246962e-01
2.849292487512947725e-01
4.360863282466106439e-01
-1.474745467402586718e-01
9.978488804613457885e-01
-3.967191451289482640e-02
-2.066152657356488676e-01
-3.073624122358096789e-01
5.967662157229536302e-01
-7.174796463168795491e-01
-1.017543911767635444e-02
-1.484520335823587278e-01
-2.522167007704796959e-01
-6.748058672831693805e-01
-5.679791913089475841e-01
2.949743440274582573e-02
2.150805220502739201e-01
3.339183719391816685e-01
-1.431821830475237256e-01
7.700747259350729790e-01
-8.009650484422149719e-02
-3.894843101202786761e-01
-6.198503444869921664e-01
9.575792070369489040e-02
-1.403292203037752817e+00
-2.080820171174566635e-01
1.881785947265514070e-01
3.162416902235207772e-01
2.592445467258570058e-01
7.103000786497166708e-01
-5.487740207726730240e-02
# Bias of Layer
1.398576361122754186e-01
2.232662306132214003e-01
-1.102310696995485451e+00
4.969138482602971640e-01
2.852198421726170538e-02
# Weights of Layer
3.127806591126693903e-01
5.012988068060063584e-01
1.515897746562795412e+00
1.147624695433129061e+00
1.865621294565767557e-02
# Bias of Layer
3.791314000326799841e-03
