0.397360895569234
0.602639104430766
0.11419700942371618
0.06175647229877824
0.11464022028896471
0.06205160478288232
0.11489254330630917
0.062434987666644966
0.11489254330630917
0.06303682645775917
0.11483769047645168
0.062398819470063586
0.11471920836395949
0.061974928206129785
0.11453051462924972
0.06165664807621363
0.05957894967801389
0.04477478063988773
0.05985540794049565
0.045084380402624365
0.05999363707173653
0.04546921001425027
0.05999363707173653
0.04599292550074868
0.05997389005298783
0.04569055937732833
0.059890513751604445
0.045331770867241016
0.059811525676609655
0.04496285526211092
0.03327811481794346
0.04652821481015314
0.03343828508112733
0.04671918288810283
0.03356115542000812
0.04696657335271949
0.03356115542000812
0.04734850950861888
0.03351727315612212
0.04702010228365993
0.03347339089223613
0.04668590814724796
0.03338562636446414
0.04642694385972527
0.05040755652584117
0.06365891943895893
0.05053262097791625
0.06388171552990025
0.05062038550568824
0.06417540128614108
0.05062038550568824
0.06456023089776698
0.05054797977027635
0.06415659382391875
0.05045802112931006
0.06372980910425845
0.05033295667723498
0.063404295335026
0.01046811405000384
0.013366318728615554
0.010503219861112635
0.013454569128274125
0.010540519785415729
0.013541372800069442
0.010540519785415729
0.013648430661950334
0.010533937445832831
0.013589114819556868
0.010529549219444231
0.013519671882120613
0.010511996313889833
0.013454569128274125
0.09079020986692704
0.05157150814146105
0.09113468563843209
0.05191148918932604
0.09140236744813665
0.052296318800951945
0.09140236744813665
0.05285041557257872
0.09133873816550196
0.05243809813155097
0.09124658541134137
0.051993952677531596
0.09097451537524821
0.0517089472884703
0.04600835957127028
0.029388829814167804
0.04618388862681426
0.02956243715775844
0.04630895307888934
0.029791020160152774
0.04630895307888934
0.03008325918853034
0.046284817833752046
0.02981995471741788
0.046205829758757255
0.029556650246305417
0.04608954175945937
0.029323727060321318
0.03518918741017849
0.09568658087570438
0.03527695193795048
0.09602366846784285
0.03533180476780797
0.09644755973177666
0.03533180476780797
0.09694957430032623
0.035294504843504874
0.0965010886627171
0.03524404024003598
0.09619293562784373
0.03517163450462409
0.09588912277656012
0.021109563042357355
0.024458381256193804
0.02120610402290654
0.024585693308160267
0.021254374513181136
0.024723132455169522
0.021254374513181136
0.02489818652662341
0.02123462749443244
0.024773767930383456
0.02121268636248944
0.024645009150553735
0.021168804098603448
0.02451480364286076
0.05842923436420085
0.05902939027654203
0.05865303391001942
0.05934767040645819
0.0587912630412603
0.059641356162699014
0.0587912630412603
0.059953849381162154
0.0587627395697344
0.05971079910013527
0.05869033383432251
0.05928546110833822
0.05857843406141323
0.058783446539788634
0.1203953791976128
0.07661292072654673
0.12101631323159961
0.07704549235766006
0.12147927111559685
0.07755908074911569
0.12147927111559685
0.07827665776929031
0.12145074764407096
0.07790774216416022
0.12131032439963578
0.0774100677792004
0.12102947791076542
0.07685741773543688
0.06541529077485107
0.049857135623503544
0.06574879598038463
0.050200010127095046
0.06589141333801411
0.05067309013837952
0.06589141333801411
0.051358839145562524
0.06585411341371102
0.05092482078658594
0.06573563130121883
0.05030562126111268
0.06560837273594945
0.04990343091512771
0.02229438416727919
0.015699890772046324
0.022377760468662578
0.015760653342303046
0.022417254506159973
0.015848903741961618
0.022417254506159973
0.015960301787432275
0.022344848770748084
0.014810153136144326
0.022325101751999386
0.014717562552895988
0.02228999594089059
0.014648119615459735
0.04123616337366845
0.04091491070072264
0.04136122782574353
0.0411362600638007
0.041464351145875614
0.04136773652192154
0.041464351145875614
0.04164840172739307
0.04144899235351552
0.04152832331474288
0.041398527750046626
0.04130842067952808
0.04128662797713734
0.04107839094927049
0.024330521211589306
0.05891799223107137
0.024348074117143702
0.059259420006799624
0.024348074117143702
0.05968331127073342
0.024348074117143702
0.06017375201637696
0.024330521211589306
0.05970935237227201
0.024231786117845818
0.059227591993808004
0.02408478053382774
0.05877765962833561
0.049128388533564445
0.06325383563724746
0.04936974098493741
0.06355620176066781
0.04953429947450989
0.06389039589707977
0.04953429947450989
0.06442713193434749
0.0494882230974296
0.06383397351041283
0.04939607034326901
0.06336812713844463
0.049271005891193924
0.0629615966088699
0.04150165107017871
0.06050215924133591
0.041622327295865194
0.060807418820482774
0.04173422706877448
0.061119912038945914
0.04173422706877448
0.06144108562458859
0.04169473303127708
0.06099259998697945
0.041604774390310795
0.06051951997569497
0.041444604127126916
0.06009273525603467
0.014503088214320977
0.012642954796987913
0.01456232927056707
0.012718184645877187
0.014593046855287265
0.01281222195698878
0.014593046855287265
0.012925066730322692
0.014588658628898665
0.0128860050780148
0.01456232927056707
0.012818008868441802
0.014516252893486774
0.012752906114595314
0.03382664311651838
0.03485456768154626
0.03398681337970226
0.035057109582402005
0.034063607341502745
0.03529437295197587
0.034063607341502745
0.03550848867573765
0.03405044266233695
0.03539564390240374
0.034008754511645256
0.03518442163436847
0.03394951345539916
0.03496885918274343
0.061483439930666024
0.07767337225031286
0.0616655513257929
0.07810305042569968
0.06177745109870218
0.07856745006980462
0.06177745109870218
0.07895806659288354
0.061764286419536386
0.07864991355801017
0.0616677454389872
0.07820866155971731
0.06152073985496912
0.07767337225031286
