Layer: model.0.weight
Values:
[[-0.40678507  0.38811788 -0.5840378  ... -1.8985667   0.05890588
  -0.13692935]
 [-0.1248474  -0.09702987 -0.11608236 ... -0.11747045 -0.02958855
  -0.03352932]
 [-0.47660008  0.14828172 -0.51864964 ...  0.17700735 -0.23263219
  -0.18985322]
 ...
 [-0.11157873  0.02092448  0.3451289  ... -0.08798753  0.50952286
  -0.16451892]
 [-0.6835005  -0.4475686  -0.28266385 ... -0.32611838 -0.09206551
  -0.1456439 ]
 [-0.80858797  0.19440396 -0.47118443 ... -0.97170717  0.23007198
  -0.77167755]]

Layer: model.0.bias
Values:
[-0.06420502 -0.06715636  0.08676914  0.04341046 -0.15782872 -0.13022985
  0.07986586  0.06327894  0.0215425   0.010939    0.0384948  -0.13810553
  0.10887403 -0.12646048 -0.14574236  0.06600095  0.10953641  0.16222076
  0.12812333  0.00575181 -0.07580149 -0.04232138 -0.01670272  0.09702811
  0.18527035 -0.06146775  0.11330177  0.10705569  0.018888    0.05039544
  0.22826172 -0.01515805  0.04414813  0.03167458  0.10760551  0.08864334
  0.10586417  0.01505539 -0.2777327   0.18578328 -0.13648032 -0.03739663
  0.10890193  0.13429904 -0.08978001 -0.01316003  0.03754441 -0.05306807
  0.10971275  0.1782803   0.08704558  0.08712026 -0.32024977 -0.01665942
  0.04278058  0.015071    0.05475598  0.06046929  0.15724055  0.09452643
 -0.09431452 -0.04061828  0.20647424  0.15414344  0.09332185 -0.09577022
  0.13035376 -0.05716597  0.11944347 -0.01231397  0.05748239  0.2039863
  0.1423027  -0.04058117 -0.19883886  0.03937391 -0.37516803 -0.29441065
 -0.07785455  0.11684246 -0.21574028  0.05877953  0.12459177  0.13091977
  0.23237696 -0.12791567 -0.09670733 -0.04493217  0.19233581 -0.09547049
  0.15332031  0.06225519  0.08675899 -0.005686    0.05016747 -0.12141491
 -0.06256169 -0.05741759 -0.02809892  0.07398988  0.1529487   0.20215414
  0.06439386 -0.08112682 -0.02478707  0.14710282 -0.08364769  0.06164463
  0.09704132 -0.09721707  0.0458583   0.14479694  0.07752632 -0.10773285
  0.12234534  0.12273853  0.14871557 -0.557691   -0.04646057  0.07191034
  0.04306489 -0.08814205  0.3597173  -0.0516516   0.3539757  -0.15140791
 -0.1916215   0.13409291  0.12858823 -0.14352295  0.17755656  0.13802788
  0.19570148  0.06926873  0.07080927 -0.08893304  0.0822401   0.04472443
  0.1390087   0.14037822  0.22531809  0.0543056   0.01122572 -0.09671206
  0.2101551   0.16406167  0.05902811  0.0369825   0.00260095  0.07235422
 -0.05654223  0.10243287  0.16089344 -0.26736963  0.03820191 -0.12937464
 -0.119123    0.02536975 -0.06758427  0.02823699  0.15095814  0.08952814
  0.16808702  0.20163299 -0.02164981 -0.12245093  0.10055561  0.18314521
  0.21258232  0.06282063  0.19026369 -0.14924704  0.23566842 -0.14010563
 -0.28093827  0.12865098  0.03303048  0.07845476  0.08817927  0.13546807
  0.08407427  0.05958448  0.01630508  0.08707182  0.1897642   0.08552686
  0.09579635  0.11052627  0.14664622 -0.08331817  0.1165724   0.10651506
  0.12423645 -0.37068698  0.10838821  0.08448224  0.0421582   0.16309537
  0.08778048  0.15720661  0.1487986   0.03303772  0.28062814  0.08205472
  0.11966748  0.09485874 -0.00643633  0.09025209  0.0500573   0.06040616
  0.02049472 -0.10942729  0.01563292  0.00292799  0.1889822   0.10973839
  0.1745065   0.19256546  0.1112326  -0.0225925   0.02290238 -0.0231571
 -0.14930677  0.05775035  0.15368198  0.07326162  0.14467221  0.0008507
  0.07813438 -0.05122985 -0.05703172  0.14506613 -0.02223993 -0.00925531
  0.03605989  0.09678054 -0.04833685  0.07219993  0.08608931 -0.03677775]

Layer: model.2.weight
Values:
[[-0.11292356 -0.07751361  0.2593827  ...  0.15706845  0.40073195
  -0.59239215]
 [-0.03044253 -0.06224578 -0.04048776 ...  0.00085542 -0.02851101
  -0.00110722]
 [ 0.56850636 -0.02699861  0.7640703  ...  0.33318123  0.03354269
  -0.6218487 ]
 ...
 [ 0.19453761 -0.07967173  0.17220801 ... -0.2544916  -0.04762473
  -0.3469893 ]
 [ 0.18701883  0.0091127   0.13230756 ...  0.34209865 -0.15627022
  -0.26848915]
 [ 0.3483047  -0.03187408  0.30382302 ...  0.49273288 -0.11108412
   0.2659584 ]]

Layer: model.2.bias
Values:
[-0.44441947 -0.00834919 -0.4297555  -0.05387461 -0.3984969  -0.2821182
 -0.1166077  -0.35141665  0.15153469 -0.8674147  -0.3395728  -0.03626815
 -0.10259823 -0.41980606 -0.40734884 -0.08662953 -0.00395763 -0.00411636
 -0.04295367 -0.4094645  -0.62219805 -0.10990483  0.6943766  -0.6362755
 -0.172255   -0.518882   -0.6740051  -0.8712896  -0.5934068  -0.8455389
 -0.03070553 -0.5219726  -0.05420997 -0.471107   -0.05210461 -0.09924041
 -0.46226513 -0.65304816 -0.09555285 -0.3277283  -0.06084724 -0.3821469
 -0.07301856 -0.31883207 -0.4426643  -0.4766198  -0.10840765 -0.02586291
 -0.07862929 -0.2385584  -0.81119376 -0.10686156 -0.29614303 -0.3283112
 -0.39023545 -0.03337182 -1.2966499   0.09509002 -0.08279463 -0.07602549
 -0.1062617  -0.5034949  -0.08306696 -0.00860691 -0.6442106  -0.22527604
 -0.35490075 -0.03875044 -0.8086038   0.00180139 -0.03097455 -0.09817793
 -0.00669921 -0.09496915 -0.4878305  -0.02168573  0.85992867 -0.28324884
 -0.04100576 -0.367181   -0.03180467 -0.2206421  -0.10249491 -0.5469684
 -0.10444135 -0.84381527 -0.55344695 -0.08192465 -0.10256527 -0.74936473
 -0.05752299 -0.07367621 -0.09397883 -0.00768904 -0.72978145 -0.21932904
 -1.0005845  -0.08945993 -0.05024957 -0.04827771 -0.02647126 -0.00241904
 -0.06639002 -0.00772023  0.74244493 -0.07682656  0.07660422 -0.5194364
 -0.53812605 -0.24484335 -0.05626746 -0.38462627 -0.08622186 -0.06887486
 -0.11812185 -0.05600299 -0.6310288  -0.0694595   0.18310471 -0.07857174
 -0.749785   -0.07603163 -0.07613457 -0.06532854 -0.02395634 -0.08637107
 -0.06404401 -0.01546492 -0.0425535  -0.01897802 -0.00816695 -0.24968731
 -0.02462546 -0.6454166  -0.00643524 -0.05955058 -0.48285457 -0.47157258
  0.00253959 -0.05720342  0.04280772 -0.02718403 -0.2137589  -0.93389046
 -0.01938741  0.10906736 -0.30095398 -0.46220148 -0.36714447 -1.1766949
 -0.10746469 -0.03436951 -0.6599061  -0.03858168 -1.0866448  -0.0398324
 -0.28888544 -0.11137487 -1.0014683  -0.26751062 -0.0541147  -0.08370155
 -0.10365625 -0.44409388 -0.4359603  -0.09664159 -0.09494094 -0.319882
  0.11781665 -0.03169655 -0.7161271   0.6306012  -0.23114076 -0.05903628
 -0.59797764 -0.06856463 -0.42107776 -0.14038645 -0.5627673  -0.12341528]

Layer: model.4.weight
Values:
[[ 3.88957411e-01  6.40612794e-03 -1.82266999e-02 ... -1.78738534e-01
  -1.22997589e-01 -7.20622540e-02]
 [-3.58461440e-02 -2.09720545e-02  2.21337890e-03 ... -1.01282708e-02
   7.50586018e-03 -1.54572288e-02]
 [-1.06397249e-01  1.73776634e-02 -1.86997764e-02 ... -4.88429144e-02
  -6.31636977e-02 -1.42533198e-01]
 ...
 [-5.24633944e-01  6.85130060e-03  3.96699309e-01 ... -1.19850481e+00
   6.49975061e-01  2.54220963e-01]
 [ 9.55234528e-01 -6.10396788e-02  9.06430304e-01 ... -4.25382912e-01
  -6.25168800e-01 -1.89820647e-01]
 [ 1.24488497e+00  7.46969308e-05 -1.06256776e-01 ...  6.78790510e-01
   1.99836402e-04  7.20615685e-02]]

Layer: model.4.bias
Values:
[ 0.19841188 -0.01911825 -0.13213034 -0.26418182 -0.26980564  0.26829877
 -0.06712864 -0.54782635 -0.23705097  0.16402148 -0.03993201 -0.05668058
 -0.10382546 -0.23080903 -0.12020215 -0.07353211 -0.06488694 -0.06526136
 -0.97693104 -0.9936627   0.7091029  -0.3762346  -0.8102461  -0.11310989
 -1.1180682  -0.31499285  0.22155724 -0.05408928 -0.08701475 -0.27566954
 -0.07605791  0.8396221  -0.0907328   0.28486672 -0.0255095  -0.03338537
 -0.24240884 -0.50100785 -0.05179802 -0.7138121  -0.46151853 -0.09308025
 -0.36831278  0.39860058 -0.57422143 -0.07131828  0.28559107  0.3591616
 -1.8782129  -0.3803455  -0.08824479 -0.02761245 -0.1752619  -0.25281173
 -0.02234528 -0.13821214 -0.02512362 -0.23026225 -0.20529711 -0.12588209
 -0.0730482  -0.11228676 -0.2772079   0.00682934  0.1424787  -0.42718092
 -1.3806818  -0.31995276  1.0947244  -0.28921646  0.20518778 -0.07148337
 -0.02589091 -0.1588531   0.16211478  0.5338743  -0.5163985  -0.03694613
 -0.08152702 -0.28168806 -0.05213544 -0.3318782  -0.0233221  -0.34901422
 -0.15226749  0.5846697  -1.5368367  -1.2133049   0.22166105 -0.5119226 ]

Layer: model.6.weight
Values:
[[-0.0729741   0.07901543  0.08645011 ... -0.25199798  0.07222379
  -1.0833721 ]
 [-1.4638002  -0.08316588 -0.14330721 ...  0.12196799  0.6069943
   0.6586861 ]
 [ 0.36412773  0.14165086 -0.02030033 ... -0.66079754 -0.14890479
  -0.41979522]
 ...
 [ 0.01430976  0.01336239 -0.05632449 ... -0.04763338 -0.05763923
   0.24666628]
 [-0.19956179  0.06103075  0.10164543 ... -0.1151832  -0.05749554
  -0.18344507]
 [-0.02478557 -0.02059302  0.09561241 ... -0.09206376  0.10651004
   0.62717354]]

Layer: model.6.bias
Values:
[ 9.43459630e-01  8.49819481e-01 -1.85148180e+00 -4.10748363e-01
 -1.51452792e+00 -1.44055374e-02 -4.39717263e-01  1.05740106e+00
  5.69526076e-01 -8.49597305e-02  7.24923313e-02  2.28426442e-01
  9.79135931e-01  1.14298590e-01  1.94058448e-01  3.84949356e-01
 -3.40655518e+00 -2.66314149e+00 -3.02871585e-01  4.81582701e-01
 -2.27762651e+00 -5.21371782e-01 -1.74142349e+00 -2.64178187e-01
 -1.67314082e-01 -2.38885652e-04 -2.01137915e-01  1.02955155e-01
 -1.36869323e+00 -1.32463658e-02  1.07659042e-01 -1.18715040e-01
  2.07104161e-01  6.09153807e-01 -1.20563471e+00  1.59761503e-01
 -2.45598793e+00 -2.39806265e-01 -2.14532688e-01 -2.03467059e+00]

Layer: model.8.weight
Values:
[[-1.77388704e+00  1.30265188e+00 -1.68284690e+00 -1.36756316e-01
   2.41273141e+00 -5.71839102e-02  2.16869429e-01 -4.43810560e-02
  -5.42115688e-01  2.03631166e-02  3.18938351e+00  2.04592973e-01
  -2.28647396e-01  4.05608639e-02 -8.35852444e-01  1.44907928e+00
  -1.11807382e+00 -3.88917685e+00 -3.07376180e-02 -1.07434118e+00
   1.43934548e-01  6.31057560e-01  2.56287408e+00 -1.52185962e-01
   4.47171964e-02  5.99104576e-02  3.15055847e-02 -4.26657945e-01
   9.48502481e-01  5.58533192e-01  2.12605055e-02 -3.68754081e-02
  -2.36781573e+00 -6.72954559e-01  1.82354844e+00 -8.10305953e-01
  -1.58262110e+00 -2.12031317e+00  7.96477854e-01  9.48604604e-04]
 [ 5.70941687e-01 -2.51317561e-01 -1.92591715e+00  7.39395693e-02
   8.80209029e-01  1.37691110e-01 -8.37588489e-01  3.91339436e-02
  -1.04690468e+00 -1.07618030e-02 -3.37846661e+00 -6.54771850e-02
   3.67816865e-01 -2.75800079e-01 -9.32287574e-01 -9.92152214e-01
  -5.60427845e-01 -5.17016947e-01 -8.33293796e-02 -3.00586671e-01
   2.56479692e+00  4.69429851e-01 -9.01641607e-01  4.57057171e-02
  -1.24436595e-01  1.03583887e-01 -6.51978180e-02  1.51992190e+00
   1.87965822e+00 -1.52241290e+00 -9.35717463e-01 -6.50509074e-02
   3.87485564e-01  5.31573832e-01 -4.95729589e+00 -5.88194072e-01
  -2.51613736e+00 -1.11029840e+00 -3.10558486e+00 -1.00497946e-01]
 [-1.36989105e+00  7.01119125e-01  9.87747386e-02 -2.77379543e-01
  -2.40501451e+00 -3.38307880e-02 -3.53760153e-01  1.64739322e-02
  -1.63389337e+00  4.25722823e-02  3.28093380e-01  3.25795054e-01
  -9.47406054e-01  2.88025767e-01 -1.18077718e-01 -1.30942595e+00
  -6.31879902e+00 -7.48530388e-01  8.40313807e-02  9.95192766e-01
   1.99843097e+00  4.67525303e-01  2.74154019e+00  1.04016468e-01
   5.09358272e-02  2.04162821e-02  1.12968065e-01  1.34865627e-01
   3.91359895e-01 -8.54098320e-01 -1.42549789e+00  6.98858723e-02
  -2.15295529e+00  1.30022490e+00 -1.86242831e+00 -5.91083169e-01
  -3.39424944e+00 -1.40981853e-01  2.74654806e-01 -1.89456141e+00]
 [ 1.33812670e-02  1.31266221e-01 -3.46280265e+00 -1.22925788e-02
   8.82921338e-01 -6.79491907e-02 -1.07958543e+00  6.05656803e-01
   8.84078085e-01  4.24916781e-02 -1.04927664e+01 -6.86112583e-01
   1.43356237e-03  1.73780974e-02  2.98125505e-01 -3.30095267e+00
  -4.87048060e-01  3.51348233e+00 -7.37926066e-02  6.00797176e-01
  -7.06487989e+00  1.72087610e+00  9.17612255e-01  7.39626437e-02
   9.37623829e-02 -2.34078765e-01 -6.48035407e-02 -1.88456678e+00
  -6.14365435e+00  3.66490185e-02  8.87213409e-01 -1.10589989e-01
   3.57860953e-01  2.09175110e+00 -1.29409444e+00 -4.99252588e-01
  -1.30147779e+00 -5.93632817e-01  5.77492476e-01 -4.41032696e+00]
 [ 1.15363657e+00 -1.53010035e+00 -2.19875216e-01 -2.40999252e-01
   2.44387436e+00 -6.34376109e-02 -2.80753464e-01  1.31376415e-01
  -1.08258925e-01  8.38142037e-02  5.31731319e+00 -9.02483054e-03
   1.63116586e+00  2.58612335e-01 -3.62212569e-01  2.32520059e-01
   5.13469577e-01  3.02867532e+00 -1.13648035e-01  1.38172835e-01
   4.81002182e-01  1.52113587e-01 -3.30931306e+00 -5.59699312e-02
  -1.57295346e-01  4.60242778e-02  5.51538244e-02  4.48713720e-01
   1.57223082e+00 -2.59293228e-01 -3.70549947e-01 -7.98774976e-03
   8.30898657e-02 -1.95393339e-02 -4.10498905e+00  1.17076505e-02
  -1.88365042e+00 -4.89549804e-03  2.28450865e-01 -1.52023472e-02]
 [ 1.13178396e+00 -7.87942648e-01 -1.01397479e+00 -3.37364703e-01
  -5.93121588e-01  9.03900787e-02 -1.26375750e-01 -1.98487192e-01
  -7.93658197e-02  5.46307713e-02  4.40268850e+00  4.79838580e-01
   1.78146160e+00 -1.16180576e-01  3.37676436e-01  4.39002573e-01
  -2.57643551e-01  3.25333548e+00 -1.01243123e-01  5.99602103e-01
  -2.12812185e+00 -1.66868150e+00 -1.94176398e-02 -9.86228585e-02
  -1.41873777e-01  6.40485063e-02  6.10771924e-02  6.32689953e-01
   2.38374662e+00  3.12401146e-01  1.94254622e-01 -6.07580431e-02
   1.08357263e+00 -2.02370405e-01 -6.04465532e+00 -5.72599992e-02
  -1.97835791e+00 -2.36009806e-01  1.57151908e-01 -6.64018095e-01]
 [ 1.20069921e+00 -6.94621205e-01  3.05217594e-01  3.03285252e-02
   3.65480375e+00  8.63182470e-02 -3.83335173e-01 -7.10131377e-02
  -5.02921522e-01  6.72444627e-02 -8.54800522e-01  4.54835117e-01
   1.18853927e+00  3.25861990e-01 -3.11190534e+00 -1.07601571e+00
  -3.43723488e+00  1.08434665e+00 -8.71130601e-02  6.17678821e-01
   6.45120889e-02  7.58696854e-01 -2.48861504e+00 -1.08416609e-01
   9.21580121e-02  1.19187236e-01 -1.39694205e-02 -1.37483239e-01
   9.93198395e-01 -3.98445040e-01 -1.04921269e+00  6.82300255e-02
  -2.86113381e+00 -6.80431306e-01 -5.92905140e+00 -1.33818001e-01
  -1.05399454e+00 -2.33237624e-01 -2.31266648e-01 -1.32015669e+00]
 [ 1.05405343e+00  1.62423766e+00 -6.60989732e-02 -9.02734101e-02
  -2.55064535e+00  4.00022306e-02 -2.00707763e-01  4.97134328e-01
  -1.63660362e-01  1.82854578e-01  1.08100748e+00 -6.42109886e-02
  -2.52161920e-01 -5.56986630e-01 -9.78517294e-01 -1.29684627e+00
  -2.72162342e+00 -4.59031487e+00  2.11767942e-01 -8.92285645e-01
  -1.54065394e+00 -1.29226550e-01 -1.64763951e+00 -1.41689390e-01
   1.11308247e-02  1.21170849e-01  6.45271391e-02 -6.59680068e-01
   2.34780729e-01  2.17204958e-01  5.23009837e-01 -8.29611197e-02
   1.96214214e-01  2.02749848e+00  4.65008450e+00  6.83556721e-02
  -2.29503557e-01 -2.70351708e-01 -1.18570410e-01 -7.42140949e-01]
 [ 2.52166176e+00 -4.30599308e+00 -5.44305027e-01 -2.40247175e-01
  -6.96465731e-01 -1.34753406e-01 -1.51015079e+00  4.26522583e-01
   3.25245708e-01  1.51866287e-01 -6.22301483e+00  6.54972553e-01
   7.83825338e-01  4.34610724e-01  3.12940985e-01 -2.21785717e-02
  -2.97210550e+00 -2.79410625e+00 -1.22585580e-01  7.95147002e-01
  -3.91473114e-01  6.17733113e-02 -1.98584452e-01 -2.47715134e-02
   3.88633795e-02 -1.54203221e-01  1.27095014e-01  4.08437908e-01
   3.22855687e+00 -9.11217406e-02 -8.38816106e-01  1.43804029e-01
  -5.82458436e-01  3.72876853e-01  7.94281662e-01 -8.87653887e-01
  -1.07621360e+00 -1.21478982e-01  1.43161118e-01 -1.06388606e-01]
 [-2.01360202e+00  1.16526759e+00  3.71917576e-01  2.63233334e-01
  -1.80359364e+00  5.53046018e-02  5.51306903e-02  5.92825830e-01
   1.33555070e-01  4.97560352e-02 -3.05574489e+00  3.07131976e-01
  -2.01568604e+00  1.91834390e-01 -8.96158457e-01 -1.72262681e+00
  -4.24742746e+00 -5.36498213e+00  1.03445426e-01 -4.99768741e-02
   9.77993906e-01  6.95089638e-01  1.19096935e+00 -5.30923624e-03
   6.97066030e-03 -4.07082029e-02  6.22935221e-02 -4.77007806e-01
  -5.55086136e-01  1.67998761e-01 -2.15202924e-02  8.19906741e-02
   8.88541222e-01  4.12838012e-01  2.09631586e+00 -1.56102911e-01
   5.97958446e-01  2.31627345e-01  1.23900078e-01  3.19231153e-02]
 [ 2.09633529e-01 -2.79857248e-01  1.00488719e-02  3.54977608e-01
  -4.11468863e-01  8.65097716e-03 -4.50235754e-01  3.19713056e-01
   4.15555723e-02  4.25872393e-02 -7.70993054e-01  2.18906537e-01
  -2.98651904e-01  2.27845162e-01 -9.33046162e-01 -7.29292750e-01
  -2.93011904e+00 -3.71872950e+00  2.67453790e-01 -7.89763033e-02
   7.72615790e-01  2.31738046e-01  1.96490556e-01 -4.80918959e-02
  -2.09244359e-02  9.58018377e-03  3.03151738e-02 -1.22320724e+00
  -5.47596872e-01 -2.67242407e-03 -3.97113144e-01  1.54778093e-01
   2.23655656e-01  1.10327458e+00  1.15589726e+00  4.69748974e-02
   4.86877948e-01 -4.84398678e-02 -1.67069621e-02 -4.41216618e-01]
 [-1.73693848e+00  5.17019868e-01  3.35880905e-01  5.51925339e-02
  -1.43703973e+00  1.14468366e-01 -6.96917772e-02  5.30330837e-01
  -1.68876797e-01 -8.63033086e-02 -3.02234626e+00  3.28526437e-01
  -1.37816143e+00  2.30967522e-01  4.39685017e-01 -2.00230336e+00
  -4.46308422e+00 -4.90368795e+00  1.62880689e-01  3.75971675e-01
   9.58818793e-01  5.67392886e-01 -3.12866569e-02  3.93091477e-02
   2.22038284e-01  5.06485365e-02  5.17165177e-02 -8.78437161e-01
  -7.52717674e-01  8.25193003e-02 -5.29379360e-02 -4.69590984e-02
   7.36752987e-01  1.02310669e+00  1.00963473e+00  7.07419664e-02
   3.71330172e-01  1.69201851e-01 -3.62661518e-02 -1.29153654e-01]
 [-8.78859162e-01 -3.20664120e+00 -2.75208741e-01  2.23820478e-01
  -2.55870390e+00  7.44333342e-02 -2.65817046e-01  8.99613928e-03
  -2.89531052e-01  3.54255140e-02  4.27047946e-02  1.26833871e-01
  -1.87483788e+00  1.43824190e-01  3.64885211e-01 -1.06397438e+00
  -3.21786213e+00 -4.39859438e+00  2.72958010e-01 -3.24336857e-01
  -1.53167099e-01 -2.52634913e-01 -1.36207914e+00 -8.01320374e-02
  -2.31741536e-02  2.05371991e-01  7.76519254e-02 -1.54493654e+00
  -1.05882764e+00 -6.20558023e-01 -2.37469420e-01 -1.70247024e-03
   1.01095654e-01  2.16876388e+00  2.49506474e+00 -9.38676953e-01
   1.28261810e-02  5.33352137e-01 -4.59643602e-02 -9.79490340e-01]
 [-1.94034827e+00  7.64381588e-01  4.54596549e-01  1.21799834e-01
  -1.86314070e+00  1.35127872e-01 -1.31275831e-02  4.20663714e-01
   5.35127649e-04  1.87551841e-01 -3.30529952e+00  3.55321527e-01
  -1.13892913e+00  1.28270715e-01 -7.60997772e-01 -1.52645719e+00
  -4.69355583e+00 -5.33203745e+00  7.87435099e-02  3.95221084e-01
   8.84944737e-01  7.01572955e-01 -6.35312200e-01  1.17447842e-02
   3.53160053e-02  1.72090903e-01  5.46088591e-02 -1.14691663e+00
  -7.20305681e-01  4.97447103e-02 -6.50388896e-02 -6.82817250e-02
   4.19226557e-01  1.10298240e+00  1.37729204e+00  9.43070799e-02
   3.96671206e-01  2.27376357e-01  6.70949072e-02  7.48490691e-02]
 [-1.46085942e+00 -1.90674937e+00  3.84018093e-01  2.06402615e-01
   2.51412010e+00 -4.92979959e-02 -1.28060305e+00  6.99233174e-01
   7.19547570e-01  1.89481974e-01 -6.30370915e-01 -3.89932275e-01
  -2.43615389e+00 -1.23277210e-01 -1.54989183e+00 -2.59370208e+00
  -9.97307375e-02  5.85282505e-01  1.93964496e-01 -3.61882806e-01
   2.08509469e+00 -8.86441946e-01  2.20926809e+00  3.77897434e-02
  -1.36862323e-01  7.54978731e-02 -1.44968137e-01 -2.01198721e+00
   1.19367588e+00 -4.29149121e-01 -3.48683931e-02  1.65793493e-01
  -3.26170206e+00 -1.02877975e+00  6.98361576e-01 -1.22502029e+00
   1.10211265e+00  4.19707954e-01 -5.09448469e-01 -8.29925239e-01]
 [-1.31546929e-01 -2.11847443e-02 -3.15169424e-01 -1.50322869e-01
  -2.52229106e-02 -1.26627430e-01 -3.11952233e-01 -2.58331656e-01
  -2.85802990e-01 -1.11656837e-01 -1.23339094e-01 -3.63276333e-01
  -2.67369092e-01 -3.40573043e-01 -3.16300571e-01 -3.17840159e-01
  -3.54790464e-02  1.41744381e-02  5.61239459e-02 -5.55749714e-01
  -3.70322764e-01  3.26998755e-02 -1.61263064e-01  5.12461811e-02
   1.30470440e-01 -1.22312017e-01  1.14109106e-01 -2.95032382e-01
  -1.98826686e-01 -3.33136052e-01 -3.06622684e-01  1.61230359e-02
   8.77975486e-03 -4.52090114e-01 -1.51541218e-01 -2.98339903e-01
  -4.17184792e-02 -2.91350305e-01 -3.82547885e-01 -1.56809613e-01]
 [ 1.38608503e+00 -2.18252969e+00 -1.84887958e+00 -1.14038631e-01
   1.05818295e+00 -9.34766158e-02 -3.47681463e-01  3.19395423e-01
   5.57046473e-01  1.40829965e-01  2.41255140e+00  2.11219102e-01
  -1.97487664e+00  1.14842176e-01 -1.02951735e-01  3.24906111e+00
   2.71589947e+00  1.59721780e+00  1.14943214e-01 -9.36701477e-01
  -1.26571131e+00 -2.64294028e+00  3.95126939e+00  1.19326279e-01
  -6.15660213e-02 -1.07506081e-01 -1.50782555e-01  1.23559810e-01
   1.07112467e+00 -5.77329040e-01 -2.90643126e-01  2.22557057e-02
  -3.50825578e-01 -3.32977986e+00 -2.76945204e-01 -1.05015874e-01
  -1.18178940e+00 -1.35831666e+00 -2.01716304e+00  3.76944840e-01]
 [-8.16198289e-01 -4.61547643e-01 -1.37959108e-01 -4.74725924e-02
   2.91028440e-01  7.78510049e-03 -5.79924107e-01 -6.21423304e-01
  -1.86906502e-01  1.25347137e-01  9.70737040e-02 -3.96421313e-01
  -7.38098264e-01 -2.81830192e-01  1.80562846e-02 -4.41979945e-01
  -1.88325703e-01 -1.57999754e-01 -8.61224458e-02 -2.51362234e-01
  -1.28523156e-01  2.26897791e-01 -1.34057766e-02  3.21353972e-02
  -1.00210950e-01  3.19565199e-02 -7.36650974e-02 -7.09401190e-01
  -7.89956152e-01 -5.64468980e-01 -3.61269683e-01 -5.94219286e-03
  -1.00487806e-02 -1.20930232e-01  1.08406842e-01 -5.66078663e-01
  -2.43877128e-01  2.66182423e-02 -3.87831718e-01 -4.04415071e-01]
 [ 9.50296342e-01 -1.92524076e+00  3.03160369e-01 -1.07796051e-01
  -2.92068291e+00 -1.88241109e-01 -3.36015415e+00  3.19794834e-01
   1.04187238e+00 -1.94759876e-01 -5.41092062e+00 -9.23966229e-01
   1.15330851e+00 -3.43038112e-01 -1.34632871e-01 -1.90882945e+00
  -3.65444565e+00 -2.42184854e+00 -7.37294229e-03 -2.77246349e-03
   4.73526537e-01 -4.93049097e+00 -5.36283112e+00 -1.29597887e-01
  -3.29988413e-02 -1.34552523e-01  6.03416152e-02  1.51687002e+00
  -1.11485028e+00 -2.20778966e+00 -1.83055556e+00  1.21609373e-02
  -8.44814181e-01 -1.89658642e+00 -3.25229168e+00  3.85427237e-01
  -1.94004452e+00 -6.33740842e-01 -1.44483006e+00  1.26629278e-01]
 [-1.78904518e-01  2.79520273e-01 -3.51931192e-02  5.57119176e-02
  -1.13282777e-01 -1.44957565e-02 -2.40580797e-01 -2.03847572e-01
  -3.09065700e-01  4.00912529e-03  2.40732223e-01 -2.75950074e-01
  -3.62859905e-01 -2.75006115e-01 -2.94250607e-01 -3.19141150e-01
  -4.82088327e-02 -1.51083842e-01  1.31829113e-01 -1.58005685e-01
  -3.05121094e-02 -3.43080074e-01  1.37615666e-01  3.96931134e-02
   1.53477386e-01 -6.94923103e-02 -5.04182950e-02 -1.30838960e-01
  -2.37922415e-01 -2.22508982e-01 -3.26905131e-01  1.23458445e-01
   2.75744908e-02 -2.51067311e-01 -2.23637894e-02 -3.81950498e-01
  -1.83905587e-01 -2.51863509e-01 -3.27155590e-01 -1.61676854e-01]]

Layer: model.8.bias
Values:
[ 1.0890348  -0.05437559  0.58966446 -1.6861138   0.294937    0.55998385
 -1.0917355  -0.2825093  -0.32855308  0.35217372  0.05166257  0.603257
  0.71111625  0.6132652   1.0401711  -0.5008908   0.8165535  -0.27386725
 -1.1806755  -0.32362363]

Layer: model.10.weight
Values:
[[-1.2369304   1.7135618   1.6445943   2.0917547   0.44850966  0.6068166
  -0.46073097 -0.36284405  0.3297329  -0.20572704 -0.07003114 -0.22564095
  -0.36851397 -0.28249484 -0.43759793  0.05227124  0.99470794 -0.11718027
  -1.2278633   0.03882507]]

Layer: model.10.bias
Values:
[-0.08961873]

