Layer: model.0.weight
Values:
[[ 0.00736125  0.01763302  0.08762063 ...  0.02767794  0.06301039
   0.03924045]
 [-0.00270361  0.01633762  0.04738135 ... -0.0219914  -0.02965246
   0.02764729]
 [-0.0357969  -0.0061755  -0.01256191 ... -0.59621024  0.03400572
  -0.02783829]
 ...
 [-0.12462851 -0.06884669 -0.09279497 ... -0.13296545 -0.03761478
   0.02925665]
 [ 0.01945429  0.12504272  0.01318423 ...  0.13665989 -0.08274303
  -0.01077963]
 [-0.03578418  0.01893754  0.00561581 ...  0.06629571  0.10682594
   0.00541   ]]

Layer: model.0.bias
Values:
[-0.01313668  0.06740423 -0.01403219 -0.0498905   0.03299385 -0.04250029
 -0.0324151   0.02961742  0.02796193  0.03197617  0.03773683  0.05364653
  0.05192684  0.01144451 -0.04630352 -0.02010447  0.03507631  0.00841045
  0.00956663 -0.04380966 -0.06328801 -0.02199794  0.05121828  0.07088889
  0.03612046 -0.05385033 -0.03820629  0.01813325  0.06051754 -0.01370223
  0.05734176 -0.01830733  0.02474012 -0.04613028  0.07019258 -0.05055621
  0.04472011  0.02586523  0.02380369 -0.04310087 -0.03386119 -0.0818729
  0.06306912  0.07997701  0.00358094  0.0013291  -0.00402469  0.00188828
  0.03519455 -0.00381455  0.03383642 -0.01177714 -0.01206212  0.08147067
 -0.02591098 -0.04091088  0.00272229  0.06066657  0.07259041  0.03301495
  0.02169435 -0.06153663 -0.01793869  0.08419377  0.04545069  0.00368433
  0.04714672  0.01596051 -0.04469323 -0.0585276   0.04688466  0.07236528
  0.02638739  0.08108926 -0.02473541 -0.0064142   0.04301062  0.03451995
  0.03949559  0.04124545 -0.003149    0.09703795 -0.02318756 -0.00345866
  0.05742606  0.10263507 -0.00071919  0.04655348 -0.04183836 -0.00465595
  0.01763319 -0.00525934  0.01942466 -0.03449154  0.05067012 -0.01594704
  0.0967548  -0.05264546  0.05583064 -0.02756592 -0.03614109  0.0465221
  0.06847671 -0.01288127  0.00790341 -0.04213764 -0.03296575 -0.03803733
  0.10356222 -0.03676005  0.01528582 -0.03152668 -0.00202416 -0.05311112
  0.08504146 -0.03687391 -0.04137433  0.00892199  0.01114451  0.03285325
  0.02701221  0.00073728  0.01283879  0.05064033  0.03184621 -0.01526587
  0.03406326  0.05263212 -0.00918563 -0.00297581 -0.00663     0.00726768
  0.07791034  0.06291732 -0.03562382 -0.05533104 -0.02484078 -0.04310746
 -0.04799386  0.00878495 -0.0351003   0.0265703  -0.02923512  0.02142203
  0.006017   -0.01090105 -0.04009571 -0.05367528  0.09110703  0.07009791
  0.06191873 -0.03344497  0.04502652 -0.02639917  0.00501239  0.02000117
 -0.05205762  0.04578901  0.00119123  0.03270538 -0.05322431  0.01249392
  0.05829667  0.06260197  0.01642756  0.01802825  0.01306151 -0.03795769
 -0.04219006  0.0254312  -0.01639175  0.06638371  0.0409387   0.05584136
  0.02364088 -0.05035573 -0.02927211 -0.00428912  0.06308077  0.08064774
  0.08283893  0.10342378  0.02358896 -0.02920305 -0.03850951  0.06397511
 -0.06682694  0.01135718 -0.04114417 -0.02352842  0.03472438  0.02251803
 -0.01444513 -0.01374342  0.09115162  0.0846391   0.10031898  0.01734028
  0.04596716  0.05418903  0.03934409  0.01951426 -0.06557873  0.01262905
 -0.03613222  0.02871143 -0.00397127 -0.02440551  0.04318888 -0.0456482
 -0.01326485  0.05020594  0.01003585 -0.01329688  0.04725021 -0.04578338
  0.01313007  0.01175656 -0.05572787  0.05872037  0.01207246  0.01332854
  0.04932351  0.08148212 -0.04671174  0.06640746 -0.00995899  0.03136629
  0.03098919  0.01747674  0.05024594 -0.03505398 -0.03685819  0.00969843
 -0.06495844 -0.00327046 -0.00804963 -0.00118758  0.03147241  0.03693049
  0.08481987  0.04556532  0.04805312  0.00119532 -0.01650495 -0.05433063
  0.04453861 -0.07669427  0.06256092 -0.02451931  0.06239963  0.01828133
  0.07278769  0.04490196 -0.00217503  0.00387507 -0.03265345 -0.00217186
 -0.01384467 -0.00213402  0.03400914  0.01250126 -0.02010412  0.01944721
  0.07435656 -0.00413059  0.07894931 -0.038679    0.0596367   0.0001257
  0.00723816  0.04495787 -0.0556204  -0.02708198 -0.00747657 -0.00487244
  0.0844685  -0.00528428  0.02803199  0.06409871  0.03475307 -0.02144589
  0.03747576  0.09551484  0.07398456  0.09143402 -0.01143458 -0.02593073
 -0.01147053 -0.05475727  0.07760344  0.04082004  0.06884619  0.03670327
  0.05595297  0.04711846 -0.03468053 -0.04785527  0.01892227  0.08643769]

Layer: model.2.weight
Values:
[[ 0.02006866 -0.0552034  -0.13687706 ... -0.1771012  -0.03043631
  -0.11389114]
 [ 0.02131355  0.0536787   0.01582337 ...  0.09525577 -0.01095447
   0.00551562]
 [-0.09192886  0.01531571  0.04658173 ...  0.10393132 -0.01362035
   0.06910162]
 ...
 [-0.08527784 -0.07162571 -0.01121276 ... -0.02637651 -0.00133114
  -0.01422099]
 [-0.01496789  0.02876277 -0.01608182 ...  0.10637113  0.08052145
   0.06277601]
 [-0.02147374  0.01949395  0.02397701 ... -0.02880139  0.02385915
  -0.02133309]]

Layer: model.2.bias
Values:
[ 0.02057465 -0.07209098 -0.00235306 -0.09055988 -0.03718165  0.06369507
 -0.03093037  0.01415839 -0.07423954  0.00466836 -0.09359949 -0.06490599
 -0.06289059 -0.06360378  0.09952304  0.0616204   0.02621383 -0.03577952
 -0.05872817 -0.03639104 -0.06679386  0.02714573 -0.07168172 -0.03574828
 -0.01735931 -0.05712584  0.10762603  0.10080629 -0.01741231 -0.06260254
 -0.03905356  0.12878819 -0.01239695 -0.06396681  0.01517207 -0.04515781
 -0.01155706  0.00131259 -0.0130148  -0.03418128  0.00833725 -0.01477813
  0.07337998 -0.04097162  0.01605755 -0.0022006  -0.065972   -0.05174256
 -0.01966136 -0.01297882 -0.04507641  0.10842439 -0.04636459 -0.00845868
  0.013476   -0.04678247 -0.04005284 -0.05223797 -0.01820856 -0.03917608
  0.01627131 -0.07420386  0.03488499 -0.06206778 -0.01235453 -0.00316517
 -0.05059289 -0.02492618 -0.06513475 -0.03274679 -0.01322901 -0.0485158
 -0.06094972 -0.06268702 -0.05337681 -0.01828156 -0.01030675 -0.01074052
  0.00754442 -0.01048073 -0.0206784  -0.03470196  0.00635478  0.00728764
  0.00690774 -0.0082026  -0.05766742 -0.0028043  -0.05629459 -0.00371722
  0.13011695 -0.07127298  0.00418748 -0.06511093  0.02008852 -0.03803613
 -0.01188596 -0.02498951 -0.05918687  0.00235813 -0.06583885  0.08353613
  0.05459838 -0.00016595 -0.00203555 -0.06903913 -0.06300101  0.01506995
 -0.0394816  -0.03023356 -0.05171263 -0.02691439 -0.06393956  0.00790221
 -0.03040876  0.01842677 -0.06665     0.09032139  0.00245579 -0.08822732
 -0.05615786 -0.04188571 -0.02940089  0.0648258  -0.01429612  0.02273229
  0.00849668  0.00697595  0.02571535  0.09410812  0.12065931 -0.04754166
 -0.04599318 -0.04108168 -0.02553928  0.05076501 -0.01481305  0.05066386
 -0.01345076  0.025545    0.04969867  0.02916535 -0.01062647 -0.06307796
 -0.04253147  0.11640804  0.11349797  0.0098851   0.06561498 -0.02696351
 -0.07563164 -0.02652488 -0.01060318 -0.04493197 -0.05037483 -0.03810197
 -0.07061975 -0.01858411 -0.01218961 -0.02349882  0.06556034 -0.02187593
  0.05957339  0.04895801  0.1182249  -0.03340441  0.01834875  0.0171906
 -0.0454326   0.04106603 -0.00642756 -0.05584703  0.02258991 -0.02914775
  0.00906237 -0.05179505 -0.10305531  0.10077488 -0.02721532 -0.05953465]

Layer: model.4.weight
Values:
[[-0.00157977 -0.0627728  -0.0505003  ... -0.09688748  0.00967005
   0.031874  ]
 [-0.30570513  0.05453756 -0.0015944  ... -0.0083577   0.01150847
   0.22404835]
 [-0.14735131  0.06093125 -0.02211073 ...  0.0147949  -0.02183553
   0.03192239]
 ...
 [-0.26563665 -0.0366458   0.10103925 ...  0.18943341 -0.07287223
   1.2470014 ]
 [-0.2696288   0.04607556 -0.04493567 ...  0.04506343  0.03204458
   0.18211144]
 [-0.01315406  0.06311733 -0.00308759 ... -0.06970236  0.0369075
   0.06546552]]

Layer: model.4.bias
Values:
[ 0.00669142 -0.00114415  0.03635733  0.00234224  0.03438367 -0.00687141
 -0.05566707  0.08094659  0.05714514 -0.04100471  0.05446491 -0.03677962
  0.09265742  0.12741898 -0.05990393 -0.04397783  0.1266085  -0.04629965
  0.04812245 -0.04818039  0.07704339 -0.00528446  0.12048109  0.12244482
 -0.06101937 -0.00016956  0.06322199  0.09041955 -0.08539719 -0.01686151
 -0.05063677  0.05991405 -0.02243108 -0.05032736 -0.06763348 -0.07441596
 -0.03538985  0.14385286 -0.00329645  0.14554188 -0.05660656  0.02281626
 -0.02767432 -0.01561564 -0.10467053 -0.05339923  0.00531511 -0.01117841
 -0.02830929 -0.02199887 -0.01144517  0.03476124 -0.04239311  0.02301184
  0.01111891  0.07546202  0.06570273 -0.02402016 -0.0734342  -0.00501724
 -0.08908074 -0.00695027  0.09623325  0.05404918  0.04971626 -0.05306083
 -0.04213731 -0.06247621 -0.02566199 -0.03833253  0.10961825 -0.05719418
  0.13440438 -0.02302412  0.08367051 -0.08684047  0.02017953  0.01135334
  0.09979466  0.04033188 -0.01610845 -0.06317014  0.03008802 -0.01249372
  0.08671167  0.00777245 -0.03820528 -0.01322822 -0.05455787 -0.06903279]

Layer: model.6.weight
Values:
[[ 0.05758296  0.13688853  0.08058807 ...  0.01139077  0.18103339
   0.03155119]
 [ 0.01222211  0.43770814  0.1590928  ...  0.03967671  0.71025306
  -0.07573776]
 [ 0.01189287  0.19946322  0.09573766 ...  0.11511377  0.09959075
   0.01830123]
 ...
 [ 0.03890665  0.06963301  0.15355596 ...  0.09371641  0.10463101
  -0.10288162]
 [ 0.09204566 -0.04183207  0.08904819 ...  0.14656185  0.06608289
   0.04371812]
 [ 0.0640703  -0.08421329 -0.04336233 ... -0.08841143 -0.01175631
   0.04513059]]

Layer: model.6.bias
Values:
[ 4.68235128e-02  2.60741748e-02 -6.69078203e-03 -2.32040193e-02
 -2.59251632e-02  1.27098531e-01  1.60780241e-04 -1.05553955e-01
  8.68981704e-02  8.96862820e-02 -2.91992545e-01  1.29985601e-01
  4.84673269e-02 -7.00807199e-02 -1.63450949e-02 -6.49787951e-03
 -1.91210699e-03  3.02103814e-02  7.71773756e-02 -6.11763932e-02
 -2.54285634e-02  9.35010798e-03 -2.13891566e-02  4.08416428e-02
  8.34542960e-02  6.18796572e-02  2.34954190e-02 -4.06131148e-02
  1.51062399e-01 -1.02490544e-01]

Layer: model.8.weight
Values:
[[-0.47354284  2.1982274  -0.3830844   0.15883864  0.16908398  0.21732162
  -0.49222818 -1.5472752   6.9399734  -0.38798863  4.5413914   0.24712187
  -0.45402566  0.16363557 -0.426101   -0.47127643 -0.45341134 -0.47685775
  -0.420667   -0.41284207 -0.07443555 -0.40848628 -0.36615974  0.20322637
  -0.3893138   0.8596415  -0.49349594 -0.39134422  0.2921852  -0.07984996]]

Layer: model.8.bias
Values:
[0.21478082]

